1770829187577 0.0 9
1770829188188 0.0 19
1770829188782 0.0 29
1770829189376 0.0 39
1770829190098 0.0 49
1770829190756 0.0 59
1770829191417 0.0 69
1770829192009 0.0 79
1770829192604 0.0 89
1770829193232 0.0 99
1770829193896 0.0 109
1770829194609 1.0 119
1770829195238 1.0 129
1770829195886 1.0 139
1770829196483 1.0 149
1770829197135 1.0 159
1770829197769 1.0 169
1770829198487 1.0 179
1770829199126 1.0 189
1770829199741 1.0 199
1770829200415 1.0 209
1770829201133 1.0 219
1770829201850 2.0 229
1770829202528 2.0 239
1770829203122 2.0 249
1770829203815 2.0 259
1770829204469 2.0 269
1770829205205 2.0 279
1770829205891 2.0 289
1770829206567 2.0 299
1770829207184 2.0 309
1770829207869 2.0 319
1770829208499 2.0 329
1770829209816 3.0 339
