1770829187577 0.71875 9
1770829188188 0.75 19
1770829188782 0.78125 29
1770829189376 0.78125 39
1770829190098 0.6875 49
1770829190756 0.875 59
1770829191417 0.6875 69
1770829192009 0.65625 79
1770829192604 0.84375 89
1770829193232 0.78125 99
1770829193896 0.90625 109
1770829194609 0.875 119
1770829195238 0.8125 129
1770829195886 0.90625 139
1770829196483 0.78125 149
1770829197135 0.71875 159
1770829197769 0.8125 169
1770829198487 0.9375 179
1770829199126 0.84375 189
1770829199741 0.71875 199
1770829200415 0.8125 209
1770829201133 0.75 219
1770829201850 0.9375 229
1770829202528 0.78125 239
1770829203122 0.875 249
1770829203815 0.875 259
1770829204469 0.78125 269
1770829205205 0.90625 279
1770829205891 0.90625 289
1770829206567 0.9375 299
1770829207184 0.8125 309
1770829207869 0.875 319
1770829208499 0.84375 329
