1770829187577 0.6490957140922546 9
1770829188188 0.4584280252456665 19
1770829188782 0.39658892154693604 29
1770829189376 0.5971269011497498 39
1770829190098 0.5308232307434082 49
1770829190756 0.36571234464645386 59
1770829191417 0.46217700839042664 69
1770829192009 0.6913241744041443 79
1770829192604 0.43943747878074646 89
1770829193232 0.5402655601501465 99
1770829193896 0.34744977951049805 109
1770829194609 0.36520734429359436 119
1770829195238 0.7351434826850891 129
1770829195886 0.31679829955101013 139
1770829196483 0.48570433259010315 149
1770829197135 0.5638418793678284 159
1770829197769 0.4034203886985779 169
1770829198487 0.2887744605541229 179
1770829199126 0.47514429688453674 189
1770829199741 0.6063617467880249 199
1770829200415 0.39984241127967834 209
1770829201133 0.48078659176826477 219
1770829201850 0.2651900351047516 229
1770829202528 0.5439462661743164 239
1770829203122 0.478543758392334 249
1770829203815 0.35416844487190247 259
1770829204469 0.50003981590271 269
1770829205205 0.23871901631355286 279
1770829205891 0.28707242012023926 289
1770829206567 0.3699481189250946 299
1770829207184 0.4540015161037445 309
1770829207869 0.31182003021240234 319
1770829208499 0.419565349817276 329
